task,layer,pulse_time,BO_fid,filenum
1,2,640,0.3678804,0
1,3,972,0.7357607,1
1,4,1216,0.9814023,2
1,5,1388,0.9984357,3
1,6,1876,0.9992434,4
2,2,760,0.27067134,5
2,3,1184,0.54134136,6
2,4,1408,0.92865777,7
2,5,1648,0.9740109,8
2,6,1776,0.99875414,9
2,7,2068,0.9990816,10
3,2,968,0.22404222,11
3,3,2288,0.48228833,12
3,4,1552,0.82967484,13
3,5,1760,0.9487437,14
3,6,2148,0.9734279,15
3,7,2348,0.99744606,16
3,8,2836,0.9983858,17
3,9,3188,0.9990999,18
4,2,1188,0.19549587,19
4,3,1448,0.39081186,20
4,4,1672,0.74616927,21
4,5,1876,0.89158523,22
4,6,2060,0.9593873,23
4,7,2640,0.97595066,24
4,8,2780,0.99824643,25
4,9,3208,0.9991176,26
5,2,1340,0.17640667,27
5,3,2624,0.49347186,28
5,4,1780,0.68047863,29
5,5,1984,0.83737487,30
5,6,2796,0.9129755,31
5,7,3132,0.96364784,32
5,8,3244,0.98052806,33
5,9,3764,0.9921714,34
5,10,3228,0.99928665,35
