task,layer,pulse_time,BO_fid,qutip_fid
1,2,1512,0.13533583,(0.13531462425769908+0j)
1,3,1824,0.27067184,(0.2704558169193681+0j)
1,4,2296,0.54134464,(0.5407157099892669+0j)
1,5,2736,0.72276694,(0.7220378368583406+0j)
1,6,3200,0.9631498,(0.9614046550536315+0j)
1,7,3580,0.9798699,(0.9763084757402285+0j)
1,8,3904,0.997602,(0.9810332620038443+0j)
1,9,4224,0.99939,(0.9816228758671723+0j)
2,2,1480,0.0732628,(0.07325344053032551+0j)
2,3,2128,0.1465256,(0.14568916716080738+0j)
2,4,2512,0.2930502,(0.28888732459708877+0j)
2,5,3196,0.4278856,(0.42679799848160915+0j)
