task,layer,pulse_time,BO_fid,qutip_fid
3,2,1728,0.050194815,(0.05018385974672858+0j)
3,3,2496,0.10038966,(0.10010104447966776+0j)
3,4,2964,0.20077828,(0.19972942134586638+0j)
3,5,3408,0.32832605,(0.32111055918305+0j)
3,6,3712,0.4251161,(0.4208582181120155+0j)
3,7,5928,0.6454885,(0.6234453249253306+0j)
3,8,5724,0.67863536,(0.5705791596402149+0j)
3,9,5876,0.5668612,(0.5610667304306551+0j)
4,2,2084,0.03816877,(0.03815750150380296+0j)
4,3,2776,0.07634046,(0.0761217134270761+0j)
4,4,4080,0.17667723,(0.09977507871576138+0j)
4,5,6120,0.31863564,(0.0012437996349659022+0j)
4,6,4228,0.4052626,(0.39510201641447357+0j)
4,7,7816,0.4630176,(0.17329031028293046+0j)
4,8,6364,0.6027156,(0.5637886633536575+0j)
4,9,6204,0.6000801,(0.4977320348065712+0j)
