task,layer,pulse_time,BO_fid
1,2,1408,0.99996185
1,3,1760,0.99994683
1,4,2748,0.9998883
1,5,2756,0.99986494
1,6,4940,0.9998245
1,7,4064,0.9997761
1,8,5780,0.99931777
1,9,6096,0.99984574
2,2,896,0.2500009
2,3,1760,0.25000072
2,4,2704,0.25000107
2,5,3036,0.250001
2,6,5064,0.46096364
2,7,4252,0.5855109
2,8,5912,0.6390939
2,9,6472,0.64374447
3,2,896,0.11111125
3,3,2168,0.111111335
3,4,2364,0.11111125
3,5,3588,0.17915766
3,6,4948,0.1516469
3,7,5112,0.19611105
3,8,6696,0.2884745
3,9,7116,0.3352405
4,2,1400,0.0625
4,3,1944,0.06250003
4,4,2376,0.062499993
4,5,3444,0.12271373
4,6,3848,0.12812321
4,7,5580,0.12900671
4,8,6016,0.19568425
4,9,6332,0.19304213
