task,time,steps,alpha,detuning,qubit_drive_amp,err,filenum
3,500,250,30,0.01,0.01,1.0,10
3,1000,500,30,0.01,0.01,1.0,11
3,1500,750,30,0.01,0.01,1.0,12
3,2000,1000,30,0.01,0.01,1.0,13
3,2500,1250,30,0.01,0.01,1.0,14
3,3000,1500,30,0.01,0.01,1.0,15
3,3500,1750,30,0.01,0.01,1.0,16
3,4000,2000,30,0.01,0.01,1.0,17
3,4500,2250,30,0.01,0.01,1.0,18
3,5000,2500,30,0.01,0.01,1.0,19
4,500,250,30,0.01,0.01,1.0,20
4,1000,500,30,0.01,0.01,1.0,21
4,1500,750,30,0.01,0.01,1.0,22
4,2000,1000,30,0.01,0.01,1.0,23
4,2500,1250,30,0.01,0.01,1.0,24
4,3000,1500,30,0.01,0.01,1.0,25
4,3500,1750,30,0.01,0.01,1.0,26
4,4000,2000,30,0.01,0.01,1.0,27
4,4500,2250,30,0.01,0.01,1.0,28
4,5000,2500,30,0.01,0.01,1.0,29
5,500,250,30,0.01,0.01,1.0,30
5,1000,500,30,0.01,0.01,1.0,31
5,1500,750,30,0.01,0.01,1.0,32
5,2000,1000,30,0.01,0.01,1.0,33
5,2500,1250,30,0.01,0.01,1.0,34
5,3000,1500,30,0.01,0.01,1.0,35
5,3500,1750,30,0.01,0.01,1.0,36
5,4000,2000,30,0.01,0.01,1.0,37
5,4500,2250,30,0.01,0.01,1.0,38
5,5000,2500,30,0.01,0.01,1.0,39
