time,steps,alpha,detuning,qubit_drive_amp,err,filenum
1000,500,30,0.01,0.01,0.62186295,0
1500,750,30,0.01,0.01,0.074012995,1
2000,1000,30,0.01,0.01,0.16937481,2
2500,1250,30,0.01,0.01,0.005697772,3
1000,500,30,0.01,0.01,1.0,4
1500,750,30,0.01,0.01,1.0,5
2000,1000,30,0.01,0.01,1.0,6
2500,1250,30,0.01,0.01,1.0,7
1000,500,30,0.01,0.01,1.0,8
1500,750,30,0.01,0.01,1.0,9
2000,1000,30,0.01,0.01,1.0,10
2500,1250,30,0.01,0.01,1.0,11
1000,500,30,0.01,0.01,1.0,12
1500,750,30,0.01,0.01,1.0,13
2000,1000,30,0.01,0.01,1.0,14
2500,1250,30,0.01,0.01,1.0,15
1000,500,30,0.01,0.01,1.0,16
1500,750,30,0.01,0.01,1.0,17
2000,1000,30,0.01,0.01,1.0,18
2500,1250,30,0.01,0.01,1.0,19
